Here is the matrix Global_pose:
        1         0         0 0.0260264
        0         0         1 -0.032214
        0        -1         0  0.533114
        0         0         0         1
Here is the matrix Global_pose:
   0.995407  -0.0863981    0.041231    0.058063
  0.0861537    0.996252  0.00767113 -0.00105362
 -0.0417393 -0.00408369     0.99912    0.525797
          0           0           0           1
Here is the matrix Global_pose:
         1          0          0  0.0357413
         0          1          0 -0.0343684
         0          0          1   0.532504
         0          0          0          1
Here is the matrix Global_pose:
   0.992623    0.115241  -0.0376808   0.0319854
    0.10722   -0.979428   -0.170952 0.000553937
 -0.0566065    0.165651   -0.984559    0.528129
          0           0           0           1
Here is the matrix Global_pose:
  0.994077  0.0593305  -0.091055   0.128707
  0.106342  -0.703821   0.702373 -0.0274702
-0.0224143  -0.707895  -0.705961   0.530009
         0          0          0          1
Here is the matrix Global_pose:
   -0.999022 -0.000900935    0.0442092     0.019477
  -0.0370224    -0.529647    -0.847409  -0.00320108
   0.0241788    -0.848217     0.529096     0.529747
           0            0            0            1
Here is the matrix Global_pose:
     0.99406     0.107332   -0.0180251    0.0380946
    0.107329    -0.994223  -0.00116383   -0.0026172
  -0.0180459 -0.000777697    -0.999837     0.525335
           0            0            0            1
Here is the matrix Global_pose:
          1           0           0   0.0422515
          0           1           0 -0.00264187
          0           0           1    0.533607
          0           0           0           1
Here is the matrix Global_pose:
   0.99762 -0.0601784  -0.033645   0.164175
 0.0598322   0.998146  -0.011203  0.0102095
 0.0342568 0.00916327   0.999371   0.523794
         0          0          0          1
Here is the matrix Global_pose:
         1          0          0  0.0812783
         0          1          0 -0.0336082
         0          0          1   0.529627
         0          0          0          1
Here is the matrix Global_pose:
   0.999227   0.0265934  -0.0289548    0.111794
  0.0266208   -0.999646 0.000558439  -0.0342971
 -0.0289297 -0.00132881   -0.999581    0.534674
          0           0           0           1
Here is the matrix Global_pose:
         1          0          0 -0.0054808
         0          1          0 -0.0062286
         0          0          1   0.519506
         0          0          0          1
Here is the matrix Global_pose:
    -0.21583    -0.211791     0.953185 -0.000805861
    0.975738   -0.0100156     0.218712    0.0144985
  -0.0367745     0.977264     0.208814     0.536392
           0            0            0            1
Here is the matrix Global_pose:
  -0.485261    -0.34427    0.803742 -0.00528456
   0.874321    -0.20077    0.441876   0.0598666
 0.00924269    0.917153    0.398428     0.53328
          0           0           0           1
Here is the matrix Global_pose:
-0.0346011  -0.701622  -0.711709  0.0111673
  0.997887  0.0149259 -0.0632286  0.0535995
 0.0549855  -0.712393   0.699623   0.531477
         0          0          0          1
Here is the matrix Global_pose:
  0.247634  -0.100408   0.963637 -0.0096243
 -0.965546  0.0565456   0.254016  0.0498489
-0.0799946  -0.993338 -0.0829457   0.536309
         0          0          0          1
Here is the matrix Global_pose:
  0.247634  -0.100408   0.963637 -0.0096243
 -0.965546  0.0565456   0.254016  0.0498489
-0.0799946  -0.993338 -0.0829457   0.536309
         0          0          0          1
Here is the matrix Global_pose:
  -0.99833 -0.0193278 -0.0544423  0.0548174
-0.0198788   0.999756 0.00959746  -0.184126
 0.0542436  0.0106637  -0.998471   0.604514
         0          0          0          1
Here is the matrix Global_pose:
 0.929358  0.250226  0.271443  0.122718
 0.351777 -0.377123 -0.856756 -0.185103
-0.112015   0.89172 -0.438506  0.601057
        0         0         0         1
Here is the matrix Global_pose:
 0.969822 -0.172558  0.172245  0.114237
 0.174208  0.984693 0.0056033 -0.191425
-0.170576 0.0245724  0.985038  0.597496
        0         0         0         1
Here is the matrix Global_pose:
 -0.340033   0.880336   0.330735   0.231222
 -0.936774  -0.347992 -0.0368399 0.00845614
 0.0826614   -0.32235   0.943004   0.601805
         0          0          0          1
Here is the matrix Global_pose:
 -0.243646   0.715974  -0.654231   0.251443
  0.957464   0.285089 -0.0445808  0.0515355
  0.154596  -0.637264   -0.75498    0.60133
         0          0          0          1
Here is the matrix Global_pose:
-0.146599  0.932567 -0.329889  0.230228
 0.983892  0.171954 0.0488671 0.0435504
 0.102298 -0.317411 -0.942754  0.594735
        0         0         0         1
Here is the matrix Global_pose:
   0.996449   -0.082126  -0.0185566   0.0246638
 -0.0822036    -0.99661 -0.00346201   0.0503224
 -0.0182093  0.00497514   -0.999822    0.601929
          0           0           0           1
Here is the matrix Global_pose:
   0.867455    0.485198    0.110021    0.174394
  -0.487897    0.872897 -0.00272234   0.0650723
 -0.0973582  -0.0513175    0.993925    0.624737
          0           0           0           1
Here is the matrix Global_pose:
1 0 0 0
0 1 0 0
0 0 1 0
0 0 0 1
Here is the matrix Global_pose:
 0.836616  0.536216  0.112008 -0.109289
-0.524606  0.843137 -0.117936 -0.112077
-0.157677 0.0399075  0.986684  0.611118
        0         0         0         1
Here is the matrix Global_pose:
  -0.986325   -0.152323   0.0629373   0.0587193
   0.151823   -0.988326   -0.012693  0.00141418
  0.0641361 -0.00296409    0.997937    0.592113
          0           0           0           1
Here is the matrix Global_pose:
-0.976536 -0.189011  0.103214 0.0970866
 0.194961  -0.97949  0.050886 0.0347554
0.0914787 0.0698146  0.993357  0.592312
        0         0         0         1
Here is the matrix Global_pose:
  -0.977866    0.185367   -0.097042 -0.00131141
  0.0926251    0.799393    0.593625   0.0526146
   0.187613    0.571497   -0.798869    0.596953
          0           0           0           1
Here is the matrix Global_pose:
  -0.977866    0.185367   -0.097042 -0.00131141
  0.0926251    0.799393    0.593625   0.0526146
   0.187613    0.571497   -0.798869    0.596953
          0           0           0           1
