Here is the matrix Local Pose:
   0.998081  -0.0533792    0.031318  -0.0195587
  0.0505886    0.995183   0.0839872  -0.0510428
 -0.0356501  -0.0822378    0.995974 -0.00123261
          0           0           0           1
Here is the matrix Local Pose:
    0.999601    0.0236504   -0.0153781   0.00537977
  -0.0219945      0.99473     0.100176   -0.0455631
   0.0176663   -0.0997974     0.994853 -0.000317352
           0            0            0            1
Here is the matrix Local Pose:
   0.998037  -0.0542049   0.0319365  -0.0197457
  0.0522202    0.996836   0.0600194  -0.0361422
 -0.0350887  -0.0582346    0.997694 -0.00161418
          0           0           0           1
Here is the matrix Local Pose:
   0.999028   0.0412078  -0.0158787  0.00765393
 -0.0406115    0.998524   0.0362041  -0.0152216
  0.0173474  -0.0355239    0.999222 -0.00338008
          0           0           0           1
Here is the matrix Local Pose:
    0.999376    0.0351742   0.00411345 -0.000682711
  -0.0352277     0.975513     0.217108    -0.114347
  0.00362387    -0.217117     0.976143   0.00289894
           0            0            0            1
Here is the matrix Local Pose:
   0.999321   -0.034449   0.0126262 -0.00525601
  0.0325434    0.991162    0.128575  -0.0627842
 -0.0169442   -0.128078    0.991621 0.000759919
          0           0           0           1
Here is the matrix Local Pose:
  0.999201  0.0362855  0.0166923 -0.0106746
-0.0372335   0.997478  0.0604675 -0.0242099
-0.0144558 -0.0610406   0.998029 0.00145582
         0          0          0          1
Here is the matrix Local Pose:
   0.997358   -0.065717   0.0308726  -0.0180744
  0.0621277    0.992471    0.105542  -0.0521592
 -0.0375761   -0.103345    0.993931 -0.00367651
          0           0           0           1
Here is the matrix Local Pose:
   0.999458   0.0120653   0.0306196  -0.0153015
 -0.0127164      0.9997   0.0211521 -0.00816426
 -0.0303571    -0.02153    0.999311  0.00596223
          0           0           0           1
Here is the matrix Local Pose:
  0.997307 -0.0620567  0.0391474 -0.0246386
 0.0608744   0.997674   0.030702 -0.0220643
-0.0409616 -0.0282344   0.998763 0.00278573
         0          0          0          1
Here is the matrix Local Pose:
   0.999353  -0.0337879   0.0128076  -0.0102873
  0.0351409    0.991314   -0.126768   0.0663931
-0.00841313    0.127133    0.991854  0.00236264
          0           0           0           1
Here is the matrix Local Pose:
  0.995707  -0.061103  0.0695432 -0.0340645
 0.0639339   0.997184   -0.03924  0.0169914
-0.0669498  0.0435176   0.996804  0.0102794
         0          0          0          1
Here is the matrix Local Pose:
    0.99298   -0.100929   0.0617508  -0.0288572
   0.103148    0.994093  -0.0338514   0.0239184
   -0.05797   0.0399829    0.997519 -0.00792953
          0           0           0           1
Here is the matrix Local Pose:
   0.96011   0.171758  -0.220681   0.102674
 -0.200066   0.973256  -0.112932  0.0568821
  0.195381   0.152577   0.968789 0.00462055
         0          0          0          1
Here is the matrix Local Pose:
    0.979076   -0.0543757     0.196104     -0.10252
   0.0550877     0.998482   0.00182538 -0.000579613
   -0.195903   0.00901598     0.980583    0.0112056
           0            0            0            1
Here is the matrix Local Pose:
    0.994722   -0.0681438   -0.0767821     0.045539
   0.0690866     0.997566   0.00966472 -0.000867526
   0.0759361   -0.0149184     0.997003  -0.00502098
           0            0            0            1
Here is the matrix Local Pose:
   0.998986   0.0394547   0.0217324 -0.00725508
 -0.0402603    0.998469   0.0379731   -0.029976
  -0.020201  -0.0388096    0.999042 -0.00911455
          0           0           0           1
Here is the matrix Local Pose:
   0.998398  -0.0398687  -0.0401627   0.0250088
  0.0415245    0.998288   0.0412665  -0.0239467
  0.0384487  -0.0428683    0.998339 -0.00164457
          0           0           0           1
Here is the matrix Local Pose:
  0.992963  0.0503532  -0.107277  0.0605319
-0.0578512   0.996014 -0.0679572  0.0420197
  0.103425  0.0736833   0.991904 0.00211103
         0          0          0          1
